pattern_cols: 11
pattern_rows: 8
center_distance_mm: 15

R_gimbal2imubody: [1, 0, 0, 0, 1, 0, 0, 0, 1]

camera_matrix:
  [
    2374.2255917182024,
    0,
    634.94273265648019,
    0,
    2368.3071749415544,
    567.38679689603612,
    0,
    0,
    1,
  ]
distort_coeffs:
  [
    -0.031489147961107751,
    -0.0029994416987111951,
    0.00056325682038925993,
    -0.0073698589447265201,
    0,
  ]
