#8mm
# image_width: 1440
# image_height: 1080
# camera_name: narrow_stereo
# camera_matrix:
#   rows: 3
#   cols: 3
#   data: [2381.82379,    0.     ,  735.99867,
#             0.     , 2376.0304 ,  543.03644,
#             0.     ,    0.     ,    1.     ]
# distortion_model: plumb_bob
# distortion_coefficients:
#   rows: 1
#   cols: 5
#   data: [-0.039492, 0.057022, 0.002005, -0.000537, 0.000000]
# rectification_matrix:
#   rows: 3
#   cols: 3
#   data: [1., 0., 0.,
#          0., 1., 0.,
#          0., 0., 1.]
# projection_matrix:
#   rows: 3
#   cols: 4
#   data: [2374.69636,    0.     ,  735.72843,    0.     ,
#             0.     , 2371.49843,  543.79117,    0.     ,
#             0.     ,    0.     ,    1.     ,    0.     ]
#6mm

image_width: 1440
image_height: 1080
camera_name: narrow_stereo
camera_matrix:
  rows: 3
  cols: 3
  data: [1814.19888,    0.     ,  730.27359,
            0.     , 1807.37177,  529.57031,
            0.     ,    0.     ,    1.     ]
distortion_model: plumb_bob
distortion_coefficients:
  rows: 1
  cols: 5
  data: [-0.089138, 0.114766, 0.000034, 0.000238, 0.000000]
rectification_matrix:
  rows: 3
  cols: 3
  data: [1., 0., 0.,
         0., 1., 0.,
         0., 0., 1.]
projection_matrix:
  rows: 3
  cols: 4
  data: [1793.54229,    0.     ,  730.67194,    0.     ,
            0.     , 1794.48784,  529.46193,    0.     ,
            0.     ,    0.     ,    1.     ,    0.     ]
